48 80 157
192 219 306
223 261 304
123 155 207
129 161 181
136 165 239
96 126 174
157 182 258
93 125 206
211 238 362
375 404 483
53 75 182
96 115 244
52 76 176
48 73 140
46 65 177
20 57 158
154 184 269
89 129 213
330 375 444
85 101 182
125 140 229
209 244 311
209 235 267
137 179 262
197 227 278
163 196 253
59 90 175
297 328 328
80 104 145
158 176 265
206 229 305
87 116 227
331 357 415
74 106 231
1088 1116 1203
57 82 206
237 260 352
49 75 157
259 292 350
267 292 382
111 131 159
632 662 718
54 86 133
100 129 215
165 187 292
625 658 729
654 686 779
